random walk, t=0.0 step=0.0
100
    1A   A   1     10.023    9.966   10.011   1
    2p1   p   2      5.088    1.107   10.244   -0.5
    3p2   p   3      7.902   10.771    2.062   -0.5
    0p3   p   4     15.284   17.251   17.385   -0.5
    1p4   p   5     11.334   10.790    5.246   -0.5
    2p5   p   6     16.515    1.123    8.365   -0.5
    3p6   p   7      8.895   14.776    4.867   -0.5
    0p7   p   8     15.394   11.488   11.519   -0.5
    1p8   p   9      1.594    1.871   19.196   -0.5
    2p9   p   10      0.260    1.670   10.498   -0.5
    3p10   p   11     10.462   10.554    1.693   -0.5
    0p11   p   12      8.168   18.049   19.525   -0.5
    1p12   p   13     13.127    0.418   13.309   -0.5
    2p13   p   14      3.113   14.290    4.716   -0.5
    3p14   p   15      4.537   17.388    6.767   -0.5
    0p15   p   16      1.500   10.648   12.155   -0.5
    1p16   p   17      5.285   14.038    8.190   -0.5
    2p17   p   18      4.195   13.473    1.125   -0.5
    3p18   p   19      5.840   16.699    0.059   -0.5
    0p19   p   20      8.810    4.453   16.440   -0.5
    1p20   p   21      0.646   13.774    8.243   -0.5
    2p21   p   22     16.597    2.546   13.479   -0.5
    3p22   p   23     13.492    8.549    5.831   -0.5
    0p23   p   24     18.779   15.258   19.671   -0.5
    1p24   p   25     17.975   10.250    5.254   -0.5
    2p25   p   26      6.248    3.414    5.701   -0.5
    3p26   p   27      2.188    4.901    4.806   -0.5
    0p27   p   28      6.596   12.334    7.491   -0.5
    1p28   p   29     16.638   13.299   10.141   -0.5
    2p29   p   30      7.831   15.276    4.397   -0.5
    3p30   p   31     19.960    4.646    9.563   -0.5
    0p31   p   32     19.127   14.454   18.450   -0.5
    1p32   p   33     17.061   15.018   18.292   -0.5
    2p33   p   34     15.891    8.051   14.137   -0.5
    3p34   p   35     19.932    1.940    0.362   -0.5
    0p35   p   36      5.064    5.811   14.462   -0.5
    1p36   p   37      3.413   15.119    0.960   -0.5
    2p37   p   38     18.434    0.157    8.651   -0.5
    3p38   p   39      0.909    0.689    1.077   -0.5
    0p39   p   40      2.583    1.652    0.200   -0.5
    1p40   p   41     15.904   18.182   12.138   -0.5
    2p41   p   42      5.682   17.400   10.648   -0.5
    3p42   p   43      8.117   10.858    0.016   -0.5
    0p43   p   44      3.980    4.753    5.703   -0.5
    1p44   p   45     14.570   12.798    7.350   -0.5
    2p45   p   46     19.736    3.161   10.526   -0.5
    3p46   p   47      2.657   18.263   12.987   -0.5
    0p47   p   48      0.518    0.183    9.604   -0.5
    1p48   p   49     10.370   17.336   12.603   -0.5
    2p49   p   50     18.978   16.224    8.912   -0.5
    3p50   p   51     12.372   16.771    0.084   -0.5
    0p51   p   52     14.140   17.198   12.947   -0.5
    1p52   p   53     18.288    2.615    4.005   -0.5
    2p53   p   54     15.493   17.061    0.120   -0.5
    3p54   p   55      6.634   11.680    7.283   -0.5
    0p55   p   56     15.928    1.837   11.729   -0.5
    1p56   p   57      7.457   17.048   18.738   -0.5
    2p57   p   58     14.609    4.171    9.524   -0.5
    3p58   p   59      4.723   17.888   16.564   -0.5
    0p59   p   60      6.510   16.459    7.975   -0.5
    1p60   p   61      9.578   19.267   12.580   -0.5
    2p61   p   62      6.529   16.633   17.090   -0.5
    3p62   p   63     18.647   15.275    6.605   -0.5
    0p63   p   64     14.696   12.481   18.545   -0.5
    1p64   p   65     17.630   13.090    0.309   -0.5
    2p65   p   66     18.882   10.663   17.272   -0.5
    3p66   p   67      4.546   13.185   18.658   -0.5
    0p67   p   68     13.336    6.801    5.335   -0.5
    1p68   p   69     19.224    9.519    8.081   -0.5
    2p69   p   70      6.642   10.907    3.295   -0.5
    3p70   p   71      8.899   17.160   19.125   -0.5
    0p71   p   72     15.316    7.746   18.861   -0.5
    1p72   p   73     17.678   18.817   10.488   -0.5
    2p73   p   74     18.496   11.783    2.287   -0.5
    3p74   p   75      4.321   11.242    7.183   -0.5
    0p75   p   76     15.962    4.340    1.145   -0.5
    1p76   p   77      3.991    6.029    6.028   -0.5
    2p77   p   78     10.444    3.850    4.479   -0.5
    3p78   p   79     15.284   19.319   16.059   -0.5
    0p79   p   80     15.405   16.659   18.388   -0.5
    1p80   p   81     10.051   14.486   11.107   -0.5
    2p81   p   82      4.980   15.885   19.739   -0.5
    3p82   p   83      5.529    9.093   15.583   -0.5
    0p83   p   84     19.355   15.648    3.349   -0.5
    1p84   p   85     11.880   15.043   15.841   -0.5
    2p85   p   86     14.841    9.552   14.697   -0.5
    3p86   p   87     19.416    2.503    3.246   -0.5
    0p87   p   88      2.030   16.997    7.257   -0.5
    1p88   p   89      3.476   16.509   13.165   -0.5
    2p89   p   90      1.557   15.157    0.504   -0.5
    3p90   p   91     11.907   13.099   13.189   -0.5
    0p91   p   92     16.094   12.485    6.137   -0.5
    1p92   p   93     11.102   17.199   19.648   -0.5
    2p93   p   94     10.681    1.135   14.190   -0.5
    3p94   p   95      6.398   17.510    3.725   -0.5
    0p95   p   96      3.801   16.017    9.565   -0.5
    1p96   p   97      1.901    5.146    1.290   -0.5
    2p97   p   98     14.039    7.223    9.726   -0.5
    3p98   p   99     18.537   13.251    1.091   -0.5
    0p99   p   100      3.256   19.023    9.205   -0.5
    1p100   p   101      0.200    4.141   19.480   -0.5
    20.00000   20.00000   20.00000
